958749
1557857
2020896
1467449
2086724
345208
1313461
3940449
3614351
84919
282521
4134112
2423410
78719
4350235
3369462
1946789
1258207
1993162
85780
113663
4484939
3382109
2084554
4172198
1413
3471344
1086214
1832984
73711
5080203
180890
296234
81092
1344647
229474
1083903
485054
679216
789
1966264
638415
64085
154
521
4594133
5185433
1874992
253661
9429
340465
2088022
737097
2358275
73727
109112
49044
59044
48553
166184
1304423
546024
64640
189876
3266638
3944134
153141
348055
217273
3815402
3201932
1012483
284303
51639
1244171
5189426
2918600
1030025
136598
144155
4473315
2659822
352350
180129
445979
1366765
136587
63215
576228
249048
223091
69105
356491
35258
3381100
1914187
203746
17210
613753
6093200
1634930
3552622
75714
331780
56771
2665705
2065616
1082825
181218
138479
36747
367482
681444
37637
44894
114445
2348189
647665
2839317
922451
451267
55891
594133
1190209
1135118
823882
317349
413535
877474
3235068
3106197
1717153
2589089
1816215
126411
86287
58718
1661503
71832
1222491
2114569
1146789
1527829
271392
2480
816034
1407849
88804
2651041
1244424
1291225
1240098
1094307
2632182
2486812
1367881
1729645
3816652
9115
1180557
329799
242906
193466
203548
4392714
1766619
1726317
446036
180629
577937
75630
610389
2801145
4055017
266715
15886
923710
1200747
2304169
940902
1149830
322588
1298
3892359
3561142
80243
245085
3949841
2302679
78637
1495683
2328870
1945832
1203656
95627
33743
83238
3474831
3356114
32634
1147149
1463831
5147656
462575
1530322
2025724
3180
980753
95251
685735
4276737
3885390
2574165
1038510
4013488
481931
1236001
1080420
1194939
120969
1855388
3401525
778464
202850
496923
335455
1138771
939393
1384410
441361
388005
2066444
2486
1144858
3377857
1838602
319548
677071
366084
3122005
1774932
4032378
751211
1169761
2192022
458974
149900
227169
993815
2797792
856209
2232444
685157
41718
289094
315633
8613
1441227
3432673
2746103
234595
66793
101247
65089
2314362
6518007
759041
3830659
3240286
228868
62882
93147
416580
548412
122241
394624
3105295
487075
783623
36126
49572
3419137
1731125
570920
1614252
260128
66740
563257
1453216
1325628
813063
2279017
511930
154144
509371
72008
1832950
365824
1190369
670444
400283
116561
104921
607393
218410
1741501
523608
514518
206514
299779
733707
109946
835297
209162
2584272
182210
325923
685480
886490
58372
3388217
387000
52942
79282
125270
601991
1142387
1590746
404751
138012
857613
274901
467247
2050480
1105183
110566
849862
283132
1043931
154246
1247633
791005
848894
359846
708620
6792
368669
630226
549068
1745804
6304
663
1795909
91438
283130
401909
181119
141699
1171409
142055
594385
119381
705428
947173
736932
206375
1128490
3514274
327352
3035
2417290
365773
1552197
2744773
2996077
1209699
575613
243578
410650
301817
790889
1597262
1432950
472243
1050698
165158
367535
143433
281882
303971
343659
563028
694285
317783
265577
137689
967441
29734
43167
35239
757625
4448
68886
2026126
439180
292343
1188811
2783540
4318382
125991
2833257
3186859
2614395
2154529
2736459
3686628
1527166
2766929
758040
2460324
1984802
6170637
306767
1009509
2861509
33563
137426
212797
127045
423682
590093
337486
240625
1327407
2680705
4082748
255739
462436
3967314
6676175
7471
2924856
182469
1753947
1519706
5400629
1266418
81542
1643155
343778
994442
49798
2506058
538158
1684481
1086060
1571359
164543
1675854
2019257
380027
1536220
6752546
2107136
3658720
295391
202935
397871
1627037
2624545
522862
1713373
183249
761423
14446
104439
7358867
853631
1066803
361406
43940
5203697
4601887
1123900
477412
5311635
4628929
427935
4743427
427679
279844
660284
6261059
853967
493993
1061837
100651
51015
70153
717461
2496576
497109
595314
2711659
1328094
2119476
994643
1375913
1488410
981817
4532598
3878959
1357046
6404217
4418013
6752469
5717224
5539725
757258
2201055
2126958
2113344
155770
114579
1996949
1622362
2760653
1384320
3359211
1775256
1101966
2377296
1662290
1295796
3572905
7015745
3051269
2483608
5497127
2626383
3876463
4835584
1152164
1693188
4223590
1856299
1363573
1607990
2714914
2183075
1476972
3708873
560044
603662
2735224
3193894
6931096
135954
6140830
2895453
326744
1785751
3673729
3436429
1087810
1377468
352729
640693
2539833
934870
500467
1170345
7999779
3581822
2082558
869594
2829363
7832
1376024
2155677
4174502
7557963
8432594
5548164
1320328
6314126
6089642
7986066
6256532
693375
1911921
3048651
6722478
568850
1613557
758182
3479610
201076
4765646
2516461
1288194
51014
758751
2124192
1925221
920
1032964
2650646
58989
2431469
624707
208369
1060906
1122885
174732
218527
300561
4686
133714
51673
44818
311134
545329
159180
106516
1286736
635966
1406417
71506
321102
2888919
2432702
2005
944312
90350
1721669
918
2595266
1066866
46647
903040
312996
61639
7936
658451
374624
1496321
3808
143886
106100
488916
1007814
256260
37482
5889937
771904
854715
259597
76402
303097
100612
1651766
158204
254445
140054
31173
333
42622
2139387
447029
140186
63861
20797
1051260
1302282
512976
36603
1900492
836323
278656
3645228
250673
234465
579180
1713395
671791
205230
1010577
87888
277
34345
149020
1545987
98427
1527
1055830
1150680
1940189
57539
3753
77059
266918
795504
2243068
233995
2674434
964390
1068881
1006257
672857
89431
491112
1097446
272015
100092
36194
1468238
121964
223182
239283
395566
54982
97954
226209
96453
1184295
612558
2860918
89985
1099079
727372
536481
1735402
986227
128627
360332
462625
339416
1024570
1566756
978597
1810563
1256546
3610152
388026
103789
52089
371
1268326
128159
1057401
1122542
35037
625539
2009934
1174219
110013
277328
75064
261845
1019450
701245
183135
967529
1248401
113450
32866
727596
323508
2675
80849
69129
4027603
2669707
791174
2816128
0
2431128
2953567
2207530
4138427
185713
1616849
124026
3109175
312749
1426104
649820
264122
168158
48344
166213
2014202
351925
4027133
2228324
935220
75440
5328707
2676994
210815
79434
1409644
334108
1120215
485390
741297
86176
4275182
1927647
217246
52397
748
1500269
1406474
2172665
351832
146681
1487650
2284502
859691
741148
239038
954653
46160
192785
656407
1573933
1412991
546684
142645
301625
4002813
5481975
376061
345569
84774
5837911
4366024
1294506
448349
167822
4852223
1041447
3349179
1032586
140243
189818
4475673
4571237
512524
455751
422023
6894572
645873
198306
861330
1780934
249405
393062
362256
84290
3322578
2383606
344924
92312
2076651
3343408
2157240
2715120
251014
415594
108941
2980753
2073425
1192016
189519
151090
135521
367935
2730408
46721
339945
143946
2569198
648528
2283354
1067843
501025
89370
636659
1209730
1135386
971461
451311
738873
881392
3462678
2260130
1983393
2735917
2039133
2060030
788666
136842
1770573
146715
1486549
2223828
1189665
2481684
272382
655835
801379
1408006
88988
2651430
1245663
1469139
1270450
2880967
2992926
4165458
1630766
4655788
3987984
2743111
1155452
1411970
236665
2479697
324484
4392354
1877968
1962427
2741192
181485
579399
115805
610571
3850031
4721255
1986674
2871862
1237697
2025494
5211151
502418
1733583
2441249
3253209
1118616
160963
874927
4342389
3979380
2773274
1082298
4066404
2839158
1602791
1087216
1229190
126552
4773975
3517422
830803
2823979
601083
1002140
1139659
1019564
1386446
468703
1856646
162402
2668494
1180248
1804127
1879618
515058
731681
410378
3301080
1932915
4132951
818889
1362659
2150837
455822
1669122
1079530
1405542
296012
981222
189525
1101564
1317617
253098
510872
1067532
1443318
3479262
1478054
233609
703355
919366
65582
2521575
5188808
808058
3982517
2279004
1581762
386792
1109194
529678
859028
188120
403654
3205999
553452
2527737
205134
985241
7378204
2674208
1636412
1913536
253852
2429992
935054
1550377
1411491
921296
1585699
507622
1658215
390234
379830
1896134
2692925
1191052
758755
898989
412612
3385973
1648408
219538
3654894
526928
515682
204923
3175119
684834
169266
4386072
2489138
3575951
4111380
6510369
1121653
1992157
2150539
33608
50459
15249
1189160
2738309
5075440
2775227
1774798
740742
2331873
318372
4628586
1886982
2829600
4041262
3343467
47383
784238
113676
2340499
1673081
4816706
2135163
1774971
724364
5092196
4121081
4139879
2451118
2665026
121814
3606797
1659027
80241
42414
225265
2581688
3381928
1923077
1650478
1780799
4199990
3943936
2631437
2680415
2559680
1908814
2149491
65854
2587056
1912596
504219
2713409
2953275
7479945
3558959
2466909
4086836
2166840
3814661
1035858
1867915
1505923
4150550
1250480
715098
1972055
144846
783257
2219722
2251612
4029013
1464952
3902347
1963515
2115806
1081353
165185
2841180
1171829
2365738
1003461
172929
3214108
4613477
4902874
934499
2882543
835790
210520
2928702
208424
328337
687136
888086
1432718
3485175
427086
221533
1555460
1944221
1946295
1292774
1715438
432885
138338
1082151
464048
467784
2278578
1106916
1499501
900603
5018837
1089657
3130361
1493601
977935
878864
1411554
710671
186672
1839315
663795
549233
1811724
1052001
367261
4094613
336136
338379
558596
396319
662448
1353491
300744
627507
402645
2915259
1030321
738665
206916
1128702
3597914
443884
348769
2456431
1285172
3267738
2910802
3095050
1301923
624720
900346
513992
329932
792059
1597818
1450653
562122
2289371
324379
369283
419113
555921
513772
346161
579652
732100
600060
514770
139970